462370050198731
557580467404352
385353998865188
561510309737247
79876978445705
413801973590651
82512520831153
323641612658441
347528161023598
53253638256084
411029824650857
144441427422932
493886654698833
118674728665504
505776620269587
452823971999038
181384019686291
495643189132984
226718955154121
40122754612469
365212198345835
61085439223062
124556939661860
78485346610966
350387823524313
82537407309434
524145595382310
129440781329120
144389347636702
51534346239421
387484296935382
75945993501795
544260321385789
415765017467885
346417147840977
433543033799731
421618340063289
345765949441614
55537780248199
340869407767738
360301005883676
561688807659622
10167659120480
179346543189521
495367882120643
283216075217064
432238472362436
532201616807724
452005618446671
148063175074936
47340482186388
119712629338494
5269463764428
471699904670364
370560964716373
230923588987707
263319753202410
13338394115053
123116160546389
79533104059533
336342677342291
451646295706072
173744468786671
480200837134028
214962018028725
235521905815632
292673769531658
118634013969011
399760658445456
66950497560834
295774775347185
26636498797781
330821515345127
190916447988893
15167400550658
53853019725925
144372144039079
100080424865177
32639380253145
337939243181870
35456406059493
94181675856701
57953241489999
90566931247285
180083086419108
132223819821285
50148295935424
146165120218882
166445776064145
147922036988722
256156117562149
464832250585268
522063025173500
458566395090121
307812321661264
150228121727365
429609136988738
494800133354939
198314464644845
32932105695913
310484029060031
222596607654096
280186418743022
120833349454524
440589014702461
525862112342912
528044901676596
261195726501349
306640263366692
530779502339405
92601627121599
536677942677891
260385314786043
393900026050655
98005868664680
526344280551119
37313077961242
88487020316683
364409659191846
495952330215915
511586510531564
96028543387318
361543944539063
491447325038403
520843643513180
314811793671492
62765349982431
470605477395308
409310109709603
177520049229064
152769655055376
289042516075926
332066987456543
381099397424511
59096346101290
72613934473838
298375297949559
270558961641935
184502911458965
285957429586973
143420336149559
539532357386593
510888129588292
353489493311343
382772917555276
372480614796615
36867133532350
296992271122877
552586726112053
561861050322418
359954487838245
148539428542544
478842352723532
282469860593522
560493151100281
535538080425904
260381275892380
134458814844231
141536756378708
473336630245580
207132079802545
128667571365418
367208811572971
430636478717473
154005627489535
244497125587562
156084370108901
34967050133529
53356317797510
289491085145340
135197977712342
16338397644418
400261656653331
26949571421168
441323410848638
190612801089168
305415551584072
144525790502218
70102379487504
94508739546940
353356994465775
273164787694271
541007181506742
324819251329640
344540240401119
491489790000643
535885012008067
50371184733078
306933916039931
37584425975741
524330275873173
493218590355271
319520452807405
283054644597089
311302063752630
542916041431602
537364997561852
183605898914350
28870391169341
553220437269807
1658760304171
514140387644253
462694327865063
109964469579224
354820928487943
163530210088950
417183938254274
223928120399276
303323504003469
132296762983693
71799582083580
391915349105655
534948836227549
455323938238464
89174288403667
230754146634433
312974075006636
411496762722305
423164941249090
129064575785114
67527436822018
351459284641307
239022089532533
529876639412874
217564181212132
339874757180165
200460195372387
34622042754315
462544773788828
492844869770581
118546954722798
242307449030730
31860794086948
16713659987050
298081730497946
112579400931755
109132061839139
169186697421522
249776759154681
81265222972266
546514751060592
155438202058947
70657502132920
67253989163145
409380649987240
346853356831785
7581921700133
516033218042934
421146016657111
424021023792377
152091244379874
415460521244740
385148637150231
104182251948591
196804249042757
189587533135555
84295393365494
130170086483233
162660271807384
553641779823160
140761423919065
315831036436874
480989793059796
351090356950326
325942048927466
24734780248800
286607917781255
475683572256031
305595409399201
321161260310601
268590037782949
170249180795433
84644577872641
98127608364291
394091741665215
14565376079348
8445152957973
170834637374381
107189125613567
821333957964
490993289172176
212280936310965
421873415559421
221053360222957
193406195182104
405128736967845
111596816832814
334940858415155
47421864984386
271967419747398
532447239741724
215963968420282
546481140760855
9978103956351
496226512579966
508896951124355
407802205942892
321658769767668
90817520504141
543689666137800
350798686758467
19212736433210
170859104509994
257538659273662
552818666406212
217911868048886
27710419262135
441972897541832
553605613061344
441058186315388
377858643982191
441871045582749
87121793050254
159601860745962
355560043712119
297105265451537
434118859197752
101496765811687
1232116902696
133055146628876
286640054936315
159308395490416
130190879816936
356170107743346
542896959990416
307173619225289
113105138783222
142427072333183
466953888898976
225548906438829
557493383604893
310400462457862
32207778222937
310306407466847
107674685924654
78180128274611
345310470529360
225704330415767
202495720026459
55318899643100
4535183540593
97899399152981
98636924918671
154981776284703
250941868607906
408512947839906
339196446229712
348019668168782
189412103349032
379046240640802
216592899862575
549968271388545
425855720555413
538331618704778
89906691857054
121304762453416
409186960665353
508472769361023
501094984453524
413358913418969
327258418034853
51258804107653
369493652055361
50710494196274
260038741621314
226265368990617
352554361995528
263462040220626
350673307616449
275981944008935
60918778350831
228742243869546
420486780778692
217286368229724
322509964382988
298360970769192
331368421051894
361085835950890
164410752214948
219971723262
355265626473374
394683471801500
420303169671084
345041699523172
509355727431569
558638495321404
440421009075434
479662452844443
430649861864404
490763628858173
350505976735978
251307169572831
302733270462692
555545667765011
158155977965019
401790819973935
13184545652110
303774972357963
37162751821130
106333072953016
532027315907325
230869327616446
209129550035278
174906928189908
108586999725517
432406187261728
7743417877984
79274092241996
124243138809866
266456073160340
359406087474146
512542148591458
27336363660167
53499353543957
488264172727610
131076429854042
149752014781348
53188373158543
454170465153630
541374923087391
362377924920063
520281520513581
17771369292462
11786382585870
127406639130676
25047974774412
22188697182699
90696773994678
197313509163947
31833480977694
65594413144778
471699959672970
250728191191030
254620507894610
204571746393643
73739431624626
358104915009766
352126588937488
121022598047260
47779750170129
256149116202192
361930439040257
397360942949675
149671706399374
68003857669951
6794196806467
454840792815526
453053609643483
32959039769868
487588376225558
25375771150803
100268963736868
260908834375151
508113899486964
533273006754844
27708800255351
122261013338654
23632802930040
544160186327395
510091713519159
362234605002628
449723286460142
493484579965916
32808560397009
299997073659167
304291255201996
332232443647880
562664842109312
180725773407108
482241930706165
17398527042426
435043808999053
9551710585837
342806455673102
273787295626251
314337390640372
18887435047311
226707275350863
58986106536329
241168762501239
212443517299184
441905524791396
251335912242650
271716544630054
153072755758233
41645459319507
371889559150172
28519428058083
494477794012750
310496866420997
171441775326709
3100911025844
370108389490873
159424208123079
243689687913468
188087218767686
236959569418279
521453305499995
460689768216469
116077604438780
30013824232658
86729311268091
221528486422663
242292470808408
126994641385869
191530714861200
486103282259826
272708938091709
269042598039240
141449591825578
533366404888423
335368568398430
502290574968557
450897641382212
330814868755949
549509447771541
539910259586457
74656084010697
548045179848059
123910021381244
309066520526916
377377602811209
247272382767557
493302457261202
392140108998708
301817674629281
275705815177221
545364646866957
330106129409387
102918997293929
381900493437681
182707463544599
450214237798289
248721647823300
497318920669402
546206420601123
350704807817217
507250487780678
492169303475480
560855003539489
14343307797582
335867999636958
455371170568382
397781815204802
475450151050358
61359277329671
173201522305035
125354824834945
512529214475118
280882723633075
124539816806996
9971305686916
20909361979646
8161389851638
28280331792236
531408984094813
194772242819811
453395968922248
93681886133510
140518165599276
284066151511919
541162665836752
272622362016837
225996407750294
13362891630053
475194145228473
470247951861819
309836606020950
476260392937539
58320843543615
228531167474431
435701629500380
231667974342813
244645264903003
483429589720190
283328479200858
84760296313814
225076024715816
452740053408603
378308749835159
314249207761400
410820461602633
255480026796276
372667959148452
537679946135201
25333898241859
214129832838290
220845834502523
447352886550197
296246049258402
533000088581568
80736889476109
32467541935634
3427205823065
47648203409913
117333068053290
363576083372669
73311434136455
396035606688318
393601861948477
299404204521388
117611455147686
562734743784314
22282179198619
27904126910160
553871115088309
42701933438607
181998911937590
289116156937097
507128263815648
239743549329020
245177836197873
403804258593394
459336327988675
397610878621737
183327119836920
339232528178869
468508116554449
231572576597606
410372309235587
335860764116766
333940165024152
440175485898903
339656723622507
371739199786905
6666018490511
255213710525823
406965970777491
370019358353800
185773746571087
486411843990626
524744679801460
30040370177313
84548301531536
198496517030553
440445406409522
254177741283405
154457183548695
31975819212094
70761493919953
127972123361722
553284646543527
218642017169454
473568113584559
13767755872241
90496852687618
116823715223602
283622458616496
76771658424370
113957787516033
330332115121090
134948488307638
36156195344107
188567687364015
482530522358048
65991339082003
512803817324706
529652266557685
357331205961235
60986373875288
272918514209015
358434591568049
348661497380374
174229159970937
359277095815713
548321934437663
337433277498515
260095462324511
522732756006204
218732273013096
116183205906989
70895704058455
37599238480425
541820357613918
203949797194523
9706767173734
62386481755668
423054149172270
231704139243767
5748595584977
138538775001899
66492030896777
393878814857589
179878254662108
10303297120202
374384140990347
157358679260056
108038067635901
14629488286481
211852526727385
24154653738991
29599762418560
549955083837512
181569973928179
771815138836
106155104218505
286482914237852
504795644124352
170670739214072
238057062185913
34375673772199
47588685834565
434365226108846
82415715348958
402416998178931
458671696517531
235871038375785
443211154916731
53725595115553
363482311169637
511901605947030
388245686875183
129065491093255
202703554396266
231358128250491
537576874662051
187337056709961
284158350433840
357892346452397
339142070946569
208644648444039
557738683731068
266764236278660
127504644856236
545511956492563
434501996706972
77536403972383
90270683739228
446975048524998
270276753024531
53663484755086
331616973859286
145761445431727
305934518337893
311960241155225
501066753217990
109253057029725
268075803545959
283031269183127
540648639405055
209629059175931
424607313524774
412607376925376
119667745215667
263662332946048
412759854236658
410119049834792
507345946119511
312384593671470
494396095308775
480733277920728
27942271864977
209313246542409
149176548700847
168962356091030
548612255588621
218949477110635
90150925165947
349607930193194
223510879145101
241295674558565
426018616297744
276379348524504
395340892451180
191690899827308
501082170296498
88778658004374
376007094304138
164962807009249
379340054848720
386266087463684
308923626671175
365190602360688
449013092090966
418142870896174
388800013886883
367743847290178
433384921941413
374160600876128
235549367364724
420326773737398
394736785734071
442916327264151
93648608386048
510197369755724
371897650217735
70956251803177
328876316126584
123410474301257
216096405771855
457651511146201
34674836633103
416128623726431
367996564746448
145201851004706
285805928409264
428007897576211
312685450645644
76680047650305
115539288868575
532066602243550
206952603418076
512849975725958
139785400319953
384791160028308
190227993710324
147039845609617
22920559984258
413941317711008
258272178950822
127898988609227
180025653753226
259103135756551
45559177568509
534639099018650
71195192564078
244956924089171
254306638118910
235184845478824
380467273742860
373972826071674
203998487848843
295574789401289
109968231926303
150001287349065
27873981208543
32776603818881
371939446838493
451028854119477
509344842531223
57601454772577
414649046885468
79895824310227
237063918174835
192462725586392
273397354100472
11289770804531
412531375723405
512601739643998
350801968828407
546157237858128
354990746637386
146684472936312
116097184181686
14044164006357
16726730462413
405710661705980
50884886749972
244019582279018
91369904947675
22025894514545
370522856022761
106007876546721
239456961230729
544063885008921
281578349409722
324673911868592
72931559442370
555254055728548
370365048772940
163704503784012
75123791693721
517915739826203
442521363786520
458240547360786
531650819998453
155198969936792
257234817121637
351715669102015
465357913249834
312076536817879
276013934286296
334915912814002
239537403801035
162289343102135
312487139277230
393396535615626
166090252024483
16786800798248
406951167638582
360598691386978
184222215969440
502240830755805
92209426308227
401157896917003
290150630934218
6473613579669
236159441600232
345507611953167
430957216988570
472766788082142
530329701602124
58944900458909
406824519837545
328352027743461
433513792127285
315986205809068
208471920973997
367695215527703
165037301188749
182375508230864
509225083359194
392722701038464
348265069071094
17907158514843
255010125532084
32552399764263
412571730558611
289480557303535
479286668566691
277090951664754
347472931039086
562380676072246
94663254589627
352983932350279
559407484517238
501514135925931
515819541184664
271828567609656
205769693241215
5006979661036
98867102172319
307024312505323
42877609431610
351249832183254
282202560122323
136742474951497
92527017701670
437762319228635
278655398415558
282394534054227
304349847411092
358296408411071
81283524545310
434442155363451
360424366514737
105074635539416
266150409893062
236314281130548
145109160665104
60667944424568
526573168949149
196912851291338
488351206976890
194135825777798
67749099195278
295716330274655
131240468957263
376513811332260
294242463445826
323101557654628
169519577627427
293933785167289
264949833203962
190640628074941
192285627852904
484485430609515
7623138573913
537150571189840
91025844898265
131067774626536
307395171401006
146602298280961
479440969289970
208709897476565
434251676167956
557483045452647
247750949641663
40405320399028
518665316864390
98644014920789
4973903027720
562824901924389
435914047662303
424837717989712
277110414317372
57706438226970
125131909797533
48204152092704
107242413372589
472895127910767
160005636029281
224852406758150
532674782895197
57623505392204
385708160473467
166114558264569
46524163260114
114655597173203
52823109615653
13921310077697
345538113828352
327314508579564
85695788393351
93326736181915
99118129850204
248901119356727
213731743063832
438190144925310
398301177570330